X: lambda2/lambda1
1     
2     
4     
8
12
16 
20 
24
28
32

Y1: simulation E2 
0.192235664525599
0.273929151988769
0.336508532543048
0.383974552716626
0.408364683051021
0.419286654929744
0.431343361163041
0.435533953640603
0.441165623228327
0.449681448899202

Y2: analytic E2
0.203545100351221
0.277777777777778
0.342768507119175
0.392150740050487
0.413960471381208
0.426729779144804
0.435295746256077
0.441525629437284
0.446306218339794
0.450117635980677

Y3: simulation E3
0.186831449810490
0.249088759163829
0.310259696543083
0.363413855928472
0.392212772682831
0.412344010499939
0.420837248791014
0.433878285893758
0.432333496666397
0.437674936568414

Y4: analytic E3
0.191160598815218
0.256372016245909
0.318158694584657
0.370366286949357
0.395351782218850
0.410577098920590
0.421028756774707
0.428739960352412
0.434712655701637
0.439504023088009