X: lambda2/lambda1
1     
2     
4     
8
12
16 
20 
24
28
32

Y1: corrected 
0.191160598815218
0.256372016245909
0.318158694584657
0.370366286949357
0.395351782218850
0.410577098920590
0.421028756774707
0.428739960352412
0.434712655701637
0.439504023088009

Y2: actual
0.219266838686523
0.290931326456941
0.352128115297498
0.398046821763137
0.418278201942985
0.430142950162302
0.438121143124438
0.443937794938779
0.448411646428240
0.451986183166015

Y3: simulated
0.186831449810490
0.249088759163829
0.310259696543083
0.363413855928472
0.392212772682831
0.412344010499939
0.420837248791014
0.433878285893758
0.432333496666397
0.437674936568414
