X: SNR(dB)
0
4.77121254719662
9.54242509439325
14.3136376415899
19.0848501887865
23.8560627359831
28.6272752831797
33.3984878303764
38.1697003775730
42.9409129247696

Y1: direct Tx bps/Hz lambda2/lambda1 = 2
0.152685217599508
0.271837582373828
0.476473816290831
0.764885491011272
1.10294328637321
1.41619591981336
1.60745131937260
1.71960892582551
1.76710009735646
1.77879448878487

Y2: relaying lambda2/lambda1 = 2
0.216736930949431
0.378771361834514
0.644445796908636
0.998577395030721
1.39533859999489
1.75099174419832
1.98084543838080
2.09871833943907
2.14812905542795
2.15640460130390

Y3: direct Tx bps/Hz lambda2/lambda1 = 8
0.146991015704927
0.261352520222337
0.457428983538052
0.744006429633540
1.07104780339378
1.36277745334357
1.55318494755946
1.64290338310523
1.69363668750142
1.68584544206425

Y4: relaying lambda2/lambda1 = 8
0.289030153409587
0.492842159044087
0.801566941979708
1.21546369310004
1.63518931875305
2.01353739564585
2.23480564647466
2.36247183719701
2.40062725545858
2.40103848972221




